NX_STN08      25 0 0 1 1 1 4.3 0

NX_STN17      33 0 0 1 1 1 5.5 0
NX_STN03      36 0 0 1 1 1 6.0 0
NX_STN22      39 0 0 1 1 1 6.5 0
NX_STN02      42 0 0 1 1 1 6.9 0
NX_STN23      45 0 0 1 1 1 7.4 0
NX_STN11      46 0 0 1 1 1 7.5 0
GS_OK031      48 0 0 1 1 1 7.9 0
NX_STN13      54 0 0 1 1 1 8.8 0
GS_OK030      54 0 0 1 1 1 8.8 0
GS_OK029      55 0 0 1 1 1 9.0 0
NX_STN20      55 0 0 1 1 1 9.0 0
NX_STN18      55 0 0 1 1 1 9.0 0
NX_STN31      58 0 0 1 1 1 9.4 0
NX_STN01      60 1 1 1 1 1 9.8 0
NX_STN21      63 1 1 1 1 1 10.2 0
NX_STN32      64 1 1 1 1 1 10.4 0
NX_STN12      66 1 1 1 1 1 10.7 0
NX_STN05      69 0 0 1 1 1 11.2 0
OK_BCOK       75 1 1 1 1 1 12.1 0
NX_STN26      75 1 1 1 1 1 12.1 0
GS_OK025      75 1 1 1 1 1 12.1 0
NX_STN19      77 1 1 1 1 1 12.4 0
NX_STN33      80 1 1 1 1 1 12.9 0
NX_STN34      90 1 1 1 1 1 14.5 0
NX_STN24      93 1 1 1 1 1 14.9 0
NX_STN35      98 1 1 1 1 1 15.7 0
GS_KAN17     100 1 1 1 1 1 16.0 0
GS_KAN09     104 1 1 1 1 1 16.7 0
GS_OK032     107 1 1 1 1 1 17.1 0
GS_KAN05     111 1 1 1 1 1 17.8 0
OK_FNO       111 1 1 1 1 1 17.8 0
GS_KAN06     124 1 1 1 1 1 19.8 0
TA_TUL1      135 1 1 1 1 1 21.5 0
GS_KAN12     135 1 1 1 1 1 21.5 0
OK_U32A      160 1 1 1 1 1 25.4 0
US_WMOK      219 1 1 1 1 1 34.1 0
OK_X37A      250 1 1 1 1 1 38.1 0
OK_LOOK      251 0 0 0 0 0 38.2 0
N4_U38B      256 0 0 0 0 0 38.8 0
N4_R32B      274 0 0 0 0 0 41.0 0
AG_HHAR      295 0 0 0 0 0 43.6 0
US_KSU1      321 0 0 0 0 0 46.8 0
N4_Z35B      324 0 0 0 0 0 47.1 0
TA_W39A      333 0 0 0 0 0 48.2 0
